[   -0.955,   -0.310,   46.519,   -0.978,    9.610,  -10.227,    5.823,]    #combo:  546 #block: 1000 ratio:0.546
[   -1.862,   -0.011,   35.037,   -3.435,    2.347,   -9.897,    8.506,]    #combo:  631 #block: 1000 ratio:0.631
[   -1.491,   -0.011,   64.941,   -3.707,    5.571,   -9.901,    9.812,]    #combo:  648 #block: 1000 ratio:0.648
[   -2.098,   -0.029,   65.659,   -6.682,    5.794,   -9.964,    9.265,]    #combo:  712 #block: 1000 ratio:0.712
[   -0.955,   -0.116,   48.488,   -0.978,    5.571,  -10.198,    9.133,]    #combo:  621 #block: 1000 ratio:0.621
[   -1.067,   -0.011,   65.158,   -3.534,    2.392,  -10.227,    9.704,]    #combo:  646 #block: 1000 ratio:0.646
[   -1.491,   -0.086,   64.941,   -3.707,    1.834,  -10.227,    9.812,]    #combo:  660 #block: 1000 ratio:0.660
[   -1.862,   -0.134,   46.339,   -3.435,    5.733,   -9.897,    8.506,]    #combo:  603 #block: 1000 ratio:0.603
[   -0.955,   -4.672,   55.288,   -1.310,    5.571,   -9.762,    9.133,]    #combo:   16 #block:   62 ratio:0.258
[   -1.043,   -0.035,   64.183,   -1.310,    9.294,   -9.339,    9.062,]    #combo:  625 #block: 1000 ratio:0.625
[   -1.043,   -0.035,   49.747,   -3.985,    9.294,   -7.673,    9.265,]    #combo:  299 #block:  503 ratio:0.594
[   -2.098,   -0.035,   49.747,   -1.310,    9.294,   -7.555,    9.062,]    #combo:  607 #block: 1000 ratio:0.607
[   -1.862,   -0.209,   33.784,   -3.694,    2.401,   -0.646,    9.100,]    #combo:  605 #block: 1000 ratio:0.605
[   -1.067,   -0.035,   64.941,   -1.200,    5.137,   -9.762,    9.695,]    #combo:  656 #block: 1000 ratio:0.656
[   -1.491,   -8.584,   64.941,   -3.707,    1.834,  -10.227,    4.118,]    #combo:   17 #block:   93 ratio:0.183
[   -0.955,   -0.035,   43.780,   -6.207,    9.418,   -9.762,    5.823,]    #combo:  583 #block: 1000 ratio:0.583
[   -0.948,   -0.216,   64.941,   -2.810,    5.717,   -6.248,    4.118,]    #combo:   95 #block:  243 ratio:0.391
[   -0.853,   -0.011,   47.166,   -3.236,    5.571,   -9.901,    8.506,]    #combo:  635 #block: 1000 ratio:0.635
[   -0.948,   -0.011,   54.603,   -3.534,    2.392,   -9.770,    9.676,]    #combo:  616 #block: 1000 ratio:0.616
[   -0.955,   -0.035,   46.519,   -0.978,    9.610,   -9.762,    5.823,]    #combo:  554 #block: 1000 ratio:0.554
[   -0.948,   -0.029,   65.659,   -3.534,    5.794,   -9.770,    9.676,]    #combo:  664 #block: 1000 ratio:0.664
[   -2.098,   -1.865,   44.212,   -5.526,    1.713,   -2.075,    2.639,]    #combo:   50 #block:  105 ratio:0.476
[   -1.043,   -0.035,   49.988,   -1.310,    5.717,   -9.762,    8.506,]    #combo:  656 #block: 1000 ratio:0.656
[   -1.067,   -0.011,   65.158,   -3.534,    4.896,   -9.340,    9.676,]    #combo:  316 #block:  532 ratio:0.594
[   -0.795,   -0.035,   55.288,   -1.310,    9.294,   -9.762,    9.198,]    #combo:  658 #block: 1000 ratio:0.658
[   -2.098,   -0.029,   65.659,   -5.526,    5.717,   -7.555,    9.062,]    #combo:  677 #block: 1000 ratio:0.677
[   -1.393,   -0.216,   54.603,   -2.810,    5.717,   -6.248,    8.910,]    #combo:  614 #block: 1000 ratio:0.614
[   -1.395,   -0.035,   64.941,   -5.220,    9.294,   -9.762,    4.118,]    #combo:  692 #block: 1000 ratio:0.692
[   -1.067,   -0.011,   65.158,   -5.220,    5.029,   -9.340,    0.778,]    #combo:  677 #block: 1000 ratio:0.677
[   -1.144,   -0.086,   44.212,   -3.534,    1.991,   -7.438,    2.985,]    #combo:  632 #block: 1000 ratio:0.632
[   -1.067,   -0.011,   65.158,   -3.707,    5.571,  -10.068,   10.217,]    #combo:  654 #block: 1000 ratio:0.654
[   -1.393,   -0.026,   64.941,   -3.675,    5.717,   -6.248,    4.118,]    #combo:  371 #block:  601 ratio:0.617
[   -1.067,   -0.029,   64.941,   -3.534,    5.137,  -10.227,    9.695,]    #combo:  658 #block: 1000 ratio:0.658
[   -1.043,   -0.035,   49.747,   -1.310,    9.294,   -9.762,    8.460,]    #combo:  637 #block: 1000 ratio:0.637
[   -1.043,   -0.035,   49.747,   -6.213,    9.418,   -9.762,    8.460,]    #combo:  663 #block: 1000 ratio:0.663
[   -1.144,   -0.029,   44.212,   -3.534,    2.027,   -1.391,    2.985,]    #combo:  639 #block: 1000 ratio:0.639
[   -1.103,   -0.029,   65.253,   -3.985,    5.680,   -7.673,    9.265,]    #combo:  443 #block:  767 ratio:0.578
[   -1.213,   -0.041,   64.941,   -3.707,    5.571,   -9.551,    9.704,]    #combo:  587 #block: 1000 ratio:0.587
[   -1.776,   -0.325,   64.941,   -3.643,    1.834,   -9.762,    4.118,]    #combo:  675 #block: 1000 ratio:0.675
[   -2.098,   -0.086,   48.237,   -5.526,    5.439,   -7.438,    9.227,]    #combo:  610 #block: 1000 ratio:0.610
[   -0.795,   -0.154,   53.457,   -1.310,    5.571,  -10.198,    9.198,]    #combo:  559 #block: 1000 ratio:0.559
[   -1.043,   -0.035,   49.747,   -6.209,    9.294,   -9.762,    8.460,]    #combo:  660 #block: 1000 ratio:0.660
[   -1.952,   -2.898,   53.909,   -3.534,    5.794,   -9.964,    9.265,]    #combo:  152 #block:  302 ratio:0.503
[   -1.067,   -0.591,   65.158,   -5.220,    3.187,   -9.403,    1.349,]    #combo:  608 #block: 1000 ratio:0.608
[   -1.103,   -0.026,   64.941,   -5.220,    2.692,   -9.762,    4.118,]    #combo:  657 #block: 1000 ratio:0.657
[   -1.043,   -0.035,   64.941,   -1.310,    5.137,   -9.762,    8.117,]    #combo:  654 #block: 1000 ratio:0.654
[   -0.948,   -0.216,   54.603,   -2.810,    2.392,  -10.803,    8.910,]    #combo:  441 #block:  749 ratio:0.589
[   -1.103,   -0.201,   49.747,   -6.675,    5.680,   -7.673,    9.265,]    #combo:  265 #block:  479 ratio:0.553
