[   -1.040,   -0.131,   34.404,   -5.004,    5.513,   -4.411,    3.934,]    #combo:  100 #block:  261 ratio:0.383
[   -0.627,   -3.885,   60.790,   -5.540,    9.832,   -9.991,    8.268,]    #combo:  265 #block:  521 ratio:0.509
[   -1.040,   -5.069,   36.141,   -3.211,    3.883,   -4.362,    2.172,]    #combo:   26 #block:  117 ratio:0.222
[   -1.361,   -0.086,   44.212,   -5.523,    2.745,   -6.849,    9.078,]    #combo:  626 #block: 1000 ratio:0.626
[   -3.203,   -0.131,   35.554,   -1.997,    3.007,   -5.555,    8.534,]    #combo:   98 #block:  234 ratio:0.419
[   -1.040,   -0.030,   35.554,   -3.211,    5.457,   -2.412,    1.115,]    #combo:  595 #block: 1000 ratio:0.595
[   -0.627,   -3.527,   35.554,   -1.997,    5.457,   -2.412,    8.534,]    #combo:  152 #block:  280 ratio:0.543
[   -3.203,   -0.086,   35.554,   -1.997,    9.832,   -6.849,    9.078,]    #combo:  590 #block: 1000 ratio:0.590
[   -3.110,   -4.050,   43.282,   -4.963,    3.883,   -4.411,    3.985,]    #combo:  243 #block:  457 ratio:0.532
[   -7.900,   -1.288,   55.037,   -3.211,    0.003,   -4.440,    1.649,]    #combo:   16 #block:  100 ratio:0.160
[   -3.203,   -0.131,   55.857,   -3.211,    3.007,   -5.555,    2.172,]    #combo:  616 #block: 1000 ratio:0.616
[   -1.250,   -3.527,   43.679,   -5.687,    9.832,   -0.862,    6.363,]    #combo:   51 #block:  161 ratio:0.317
[   -3.203,   -0.086,   35.554,   -1.692,    5.457,   -2.412,    5.490,]    #combo:  583 #block: 1000 ratio:0.583
[   -2.908,   -1.288,   55.037,   -3.211,    3.007,   -8.917,    1.649,]    #combo:  152 #block:  306 ratio:0.497
[   -0.651,   -0.169,   36.141,   -2.800,    3.466,   -3.698,    0.219,]    #combo:   51 #block:  118 ratio:0.432
[   -7.347,   -0.131,   34.873,   -3.211,    5.457,   -6.849,    1.305,]    #combo:  574 #block: 1000 ratio:0.574
[   -1.040,   -4.310,   36.141,   -4.963,    3.883,   -4.362,    8.268,]    #combo:  147 #block:  315 ratio:0.467
[   -6.382,   -2.999,   59.554,   -6.103,    5.779,   -0.354,    1.701,]    #combo:   70 #block:  202 ratio:0.347
[   -1.040,   -1.290,   35.295,   -2.559,    5.608,   -8.985,    2.109,]    #combo:  258 #block:  422 ratio:0.611
[   -1.250,   -0.086,   43.679,   -4.907,    9.529,   -0.758,    2.272,]    #combo:  483 #block:  850 ratio:0.568
[   -2.825,   -0.086,   37.466,   -3.211,    5.457,   -0.552,    0.993,]    #combo:  174 #block:  407 ratio:0.428
[   -1.658,   -1.898,   43.679,   -5.523,    2.745,   -0.862,    6.363,]    #combo:   36 #block:  101 ratio:0.356
[   -8.401,   -4.090,   36.141,   -4.810,    6.477,   -4.194,    7.931,]    #combo:  333 #block:  656 ratio:0.508
[   -3.203,   -5.069,   34.873,   -3.211,    6.477,   -6.849,    2.172,]    #combo:  136 #block:  283 ratio:0.481
[   -1.040,   -0.131,   34.060,   -3.211,    5.513,   -3.541,    1.401,]    #combo:  641 #block: 1000 ratio:0.641
[   -1.250,   -2.115,   45.016,   -0.181,    2.745,   -8.057,    6.363,]    #combo:  108 #block:  233 ratio:0.464
[   -0.627,   -7.630,   62.156,   -5.540,    9.832,   -2.912,    8.268,]    #combo:  338 #block:  594 ratio:0.569
[   -3.203,   -0.086,   35.554,   -3.211,    5.457,   -0.104,    1.115,]    #combo:  331 #block:  638 ratio:0.519
[   -1.658,   -0.086,   43.679,   -1.730,    9.832,   -0.862,    9.078,]    #combo:  579 #block: 1000 ratio:0.579
[   -6.382,   -2.999,   60.767,   -6.103,    9.832,   -6.075,    1.585,]    #combo:   52 #block:  145 ratio:0.359
[   -1.040,   -2.999,   60.767,   -2.559,    9.832,   -6.075,    1.585,]    #combo:  434 #block:  700 ratio:0.620
[   -3.203,   -0.086,   35.554,   -3.211,    5.457,   -2.412,    1.115,]    #combo:  525 #block: 1000 ratio:0.525
[   -4.301,   -6.525,   34.873,   -1.692,    9.003,   -8.917,    5.490,]    #combo:  291 #block:  550 ratio:0.529
[   -6.664,   -0.131,   36.141,   -2.559,    0.644,   -2.412,    1.101,]    #combo:  176 #block:  383 ratio:0.460
[   -3.110,   -4.484,   43.282,   -3.211,    3.883,   -3.541,    3.610,]    #combo:  107 #block:  221 ratio:0.484
[   -3.600,   -0.086,   34.873,   -3.211,    9.003,   -2.412,    5.490,]    #combo:  551 #block: 1000 ratio:0.551
[   -1.250,   -0.131,   34.873,   -0.181,    3.102,   -6.849,    1.578,]    #combo:  531 #block: 1000 ratio:0.531
[   -7.900,   -4.310,   34.801,   -6.119,    0.003,   -4.440,    5.083,]    #combo:   93 #block:  343 ratio:0.271
[   -3.305,   -0.337,   36.141,   -2.726,    4.825,   -2.752,    3.883,]    #combo:  255 #block:  538 ratio:0.474
[   -0.651,   -0.030,   35.554,   -3.211,    3.466,   -3.698,    0.389,]    #combo:  588 #block: 1000 ratio:0.588
[   -3.203,   -0.131,   55.857,   -3.211,    0.644,   -6.849,    3.167,]    #combo:  620 #block: 1000 ratio:0.620
[   -1.250,   -0.131,   45.016,   -3.211,    2.745,   -7.571,    1.305,]    #combo:  617 #block: 1000 ratio:0.617
[   -7.900,   -4.310,   35.585,   -6.119,    3.007,   -8.917,    1.779,]    #combo:  218 #block:  514 ratio:0.424
[   -3.203,   -1.290,   36.141,   -2.559,    5.457,   -2.412,    1.101,]    #combo:  130 #block:  278 ratio:0.468
[   -3.203,   -0.131,   35.554,   -1.997,    3.007,   -5.555,    2.172,]    #combo:  562 #block: 1000 ratio:0.562
[   -0.627,   -7.630,   62.441,   -4.993,    9.832,  -10.471,    4.674,]    #combo:  198 #block:  357 ratio:0.555
[   -1.487,   -0.030,   35.554,   -2.800,    5.457,   -3.698,    1.115,]    #combo:  630 #block: 1000 ratio:0.630
[   -5.106,   -7.630,   36.310,   -5.540,    9.832,   -9.991,    8.268,]    #combo:   72 #block:  202 ratio:0.356
