[   -3.203,   -5.069,   34.873,   -3.211,    6.477,   -6.849,    2.172,]    #combo:  199 #block:  438 ratio:0.454
[   -8.039,   -3.472,   60.239,   -2.205,    5.329,   -6.419,    1.501,]    #combo:  171 #block:  358 ratio:0.478
[   -7.900,   -4.834,   34.801,   -3.797,    5.568,   -5.814,    2.229,]    #combo:  246 #block:  514 ratio:0.479
[   -0.627,   -8.036,   60.790,   -1.997,    5.600,   -6.849,    8.268,]    #combo:   78 #block:  184 ratio:0.424
[   -2.908,   -1.288,   55.037,   -3.211,    3.007,   -8.917,    1.649,]    #combo:  271 #block:  530 ratio:0.511
[   -5.763,   -5.299,   60.790,   -0.462,    6.078,   -6.075,    8.315,]    #combo:  116 #block:  249 ratio:0.466
[   -3.647,   -5.069,   34.873,   -1.997,    5.207,   -7.306,    2.172,]    #combo:  103 #block:  304 ratio:0.339
[   -4.301,   -6.525,   31.023,   -1.465,    1.330,   -1.844,    5.490,]    #combo:  179 #block:  359 ratio:0.499
[   -6.067,   -5.069,   35.199,   -1.997,    5.207,   -6.075,    2.172,]    #combo:  246 #block:  470 ratio:0.523
[   -2.915,   -4.102,   55.024,   -3.271,    5.457,   -8.849,    1.255,]    #combo:   87 #block:  203 ratio:0.429
[   -3.110,   -5.280,   43.282,   -3.778,    0.190,   -0.104,    4.127,]    #combo:   13 #block:   71 ratio:0.183
[   -1.381,   -3.419,   60.767,   -3.211,    9.832,   -6.075,    1.585,]    #combo:   50 #block:  151 ratio:0.331
[   -7.347,   -0.131,   55.857,   -2.939,    3.007,   -5.555,    1.915,]    #combo:  494 #block:  992 ratio:0.498
[   -4.301,   -6.525,   55.843,   -3.211,    1.330,   -1.844,    5.814,]    #combo:  275 #block:  496 ratio:0.554
[   -3.203,   -1.290,   36.141,   -2.559,    6.719,   -4.362,    2.109,]    #combo:  558 #block: 1000 ratio:0.558
[   -7.347,   -0.131,   34.873,   -3.211,    5.600,   -6.849,    1.305,]    #combo:  552 #block: 1000 ratio:0.552
[   -1.040,   -0.030,   35.554,   -3.211,    5.457,   -2.412,    1.115,]    #combo:  398 #block:  804 ratio:0.495
[   -6.256,   -1.748,   55.355,   -3.211,    9.003,   -6.849,    5.814,]    #combo:  261 #block:  476 ratio:0.548
[   -7.515,   -7.620,   55.857,   -2.205,    5.600,   -6.849,    1.305,]    #combo:  126 #block:  309 ratio:0.408
[   -3.203,   -0.086,   35.554,   -3.211,    5.457,   -2.412,    1.115,]    #combo:  588 #block: 1000 ratio:0.588
[   -7.347,   -1.748,   53.960,   -3.211,    9.003,   -5.555,    3.022,]    #combo:  222 #block:  454 ratio:0.489
[   -2.119,   -4.102,   30.097,   -2.939,    5.568,   -0.008,    4.976,]    #combo:   37 #block:  104 ratio:0.356
[   -3.203,   -3.419,   36.310,   -3.211,    6.477,   -7.140,    1.312,]    #combo:  438 #block:  822 ratio:0.533
[   -2.915,   -2.114,   37.564,   -3.271,    5.457,   -2.201,    1.255,]    #combo:  104 #block:  234 ratio:0.444
[   -3.203,   -1.748,   34.873,   -3.211,    9.003,   -8.917,    3.022,]    #combo:  156 #block:  336 ratio:0.464
[   -7.745,   -4.102,   55.857,   -2.939,    5.568,   -8.849,    2.433,]    #combo:   41 #block:  100 ratio:0.410
[   -1.250,   -4.834,   43.679,   -5.687,    5.568,   -5.814,    6.363,]    #combo:   30 #block:  112 ratio:0.268
[   -1.250,   -3.527,   43.679,   -5.687,    9.832,   -0.862,    6.363,]    #combo:  155 #block:  318 ratio:0.487
[   -3.203,   -5.069,   55.355,   -3.084,    9.832,   -7.221,    1.312,]    #combo:  418 #block:  777 ratio:0.538
[   -7.347,   -0.131,   34.873,   -3.211,    5.457,   -6.849,    1.305,]    #combo:  562 #block: 1000 ratio:0.562
[   -4.301,   -6.525,   62.980,   -1.465,    1.330,   -6.849,    5.601,]    #combo:  187 #block:  377 ratio:0.496
[   -2.987,   -4.310,   43.282,   -6.119,    0.003,   -4.440,    9.571,]    #combo:  400 #block:  845 ratio:0.473
[   -1.250,   -1.718,   45.062,   -0.181,    5.065,   -0.107,    6.363,]    #combo:  101 #block:  254 ratio:0.398
[   -3.203,   -0.086,   35.554,   -3.211,    5.457,   -0.104,    1.115,]    #combo:  175 #block:  328 ratio:0.534
[   -0.627,   -3.527,   60.790,   -1.997,    9.832,   -6.849,    3.022,]    #combo:   74 #block:  165 ratio:0.448
[   -5.763,   -3.527,   55.355,   -5.540,    9.832,   -9.509,    3.022,]    #combo:   26 #block:  119 ratio:0.218
[   -1.040,   -0.131,   34.060,   -3.211,    5.513,   -3.541,    1.401,]    #combo:  603 #block: 1000 ratio:0.603
[   -3.203,   -0.641,   35.554,   -3.211,    6.719,   -2.412,    2.109,]    #combo:  513 #block:  856 ratio:0.599
[   -7.515,   -3.419,   55.857,   -3.211,    5.600,   -6.075,    9.165,]    #combo:  241 #block:  451 ratio:0.534
[   -7.900,   -4.834,   34.801,   -3.797,    5.568,   -5.814,    2.229,]    #combo:   66 #block:  168 ratio:0.393
[   -1.250,   -2.115,   45.016,   -0.181,    2.745,   -8.057,    6.363,]    #combo:  539 #block: 1000 ratio:0.539
[   -1.040,   -3.419,   55.355,   -3.211,    9.832,   -7.221,    1.312,]    #combo:  164 #block:  302 ratio:0.543
[   -3.594,   -4.644,   61.189,   -1.997,    4.805,   -8.020,    2.679,]    #combo:  100 #block:  237 ratio:0.422
[   -1.040,   -4.310,   36.141,   -4.963,    3.883,   -4.362,    8.268,]    #combo:  101 #block:  217 ratio:0.465
[   -3.110,   -4.050,   43.282,   -4.963,    3.883,   -4.411,    3.985,]    #combo:   82 #block:  185 ratio:0.443
[   -1.250,   -0.086,   43.168,   -3.211,    5.457,   -0.104,    6.363,]    #combo:   70 #block:  191 ratio:0.366
[   -5.803,   -0.086,   35.554,   -2.559,    5.457,   -2.412,    2.109,]    #combo:  153 #block:  355 ratio:0.431
[   -0.627,   -3.885,   60.790,   -5.540,    9.832,   -9.991,    8.268,]    #combo:  192 #block:  344 ratio:0.558
